p: 719 -305.013 -255.198 251.888
p: 713 -305.013 -255.198 662.863
p: 708 -610.504 -509.864 265.145
p: 706 -610.504 -509.864 662.863
p: 695 -167.94 -323.898 231.096
p: 689 -167.94 -323.898 608.147
p: 684 -336.491 -647.524 243.259
p: 682 -336.491 -647.524 608.147
p: 671 -27.6032 -333.581 212.02
p: 665 -27.6032 -333.581 557.948
p: 660 -55.8413 -667.157 223.179
p: 658 -55.8413 -667.157 557.948
p: 647 94.6235 -292.148 194.519
p: 641 94.6235 -292.148 511.892
p: 636 188.687 -584.525 204.757
p: 634 188.687 -584.525 511.892
p: 623 183.443 -213.847 178.463
p: 617 183.443 -213.847 469.638
p: 612 366.472 -428.095 187.855
p: 610 366.472 -428.095 469.638
p: 599 230.942 -116.151 163.731
p: 593 230.942 -116.151 430.872
p: 588 461.655 -232.795 172.349
p: 586 461.655 -232.795 430.872
p: 575 236.602 -16.6471 150.216
p: 569 236.602 -16.6471 395.306
p: 564 473.164 -33.8011 158.122
p: 562 473.164 -33.8011 395.306
p: 551 206.204 69.59 137.817
p: 545 206.204 69.59 362.675
p: 257 27.3674 -72.3355 128.984
p: 252 54.5954 -144.778 51.5937
p: 250 54.5954 -144.778 128.984
p: 239 48.7698 -51.5491 44.9681
p: 233 48.7698 -51.5491 118.337
p: 228 97.4391 -103.247 47.3349
p: 226 97.4391 -103.247 118.337
p: 215 59.5369 -26.3832 41.2563
p: 209 59.5369 -26.3832 108.569
p: 204 119.021 -52.9361 43.4276
p: 202 119.021 -52.9361 108.569
p: 191 59.752 -1.27115 37.8508
p: 185 59.752 -1.27115 99.6073
p: 180 119.499 -2.71306 39.8429
p: 178 119.499 -2.71306 99.6073
p: 167 51.0533 20.0637 34.7264
p: 161 51.0533 20.0637 91.3852
p: 156 102.142 39.9725 36.5541
p: 154 102.142 39.9725 91.3852
p: 143 36.1442 35.0485 31.8599
p: 137 36.1442 35.0485 83.8418
p: 132 72.3531 69.9701 33.5367
p: 130 72.3531 69.9701 83.8418
p: 58 -29.1503 72.0779 64.7464
p: 47 -25.0977 25.3637 22.5727
p: 41 -25.0977 25.3637 59.4019
p: 36 -50.1473 50.7174 23.7608
p: 34 -50.1473 50.7174 59.4019
p: 10 -60.3684 25.209 21.7994
p: 8 -60.3684 25.209 54.4986
p: 6 -60 0 50
p: 5 -60 0 20
p: 14 -30 0 50
p: 16 -30.1962 12.6045 54.4986
p: 21 -30 0 19
p: 23 -30.1962 12.6045 20.7095
p: 60 -29.1503 72.0779 25.8985
p: 65 -14.6092 36.0541 64.7464
p: 71 -14.6092 36.0541 24.6036
p: 82 0.941884 84.739 70.5717
p: 84 0.941884 84.739 28.2287
p: 89 0.43105 42.3991 70.5717
p: 95 0.43105 42.3991 26.8172
p: 106 36.5263 84.8297 76.9211
p: 108 36.5263 84.8297 30.7685
p: 113 18.2235 42.4614 76.9211
p: 119 18.2235 42.4614 29.23
p: 263 27.3674 -72.3355 49.014
p: 274 -5.94362 -168.547 140.589
p: 276 -5.94362 -168.547 56.2356
p: 281 -2.89125 -84.2491 140.589
p: 287 -2.89125 -84.2491 53.4239
p: 298 -76.8168 -167.018 153.238
p: 300 -76.8168 -167.018 61.2952
p: 305 -38.329 -83.5179 153.238
p: 311 -38.329 -83.5179 58.2305
p: 322 -147.454 -135.702 167.025
p: 324 -147.454 -135.702 66.8101
p: 329 -73.663 -67.8934 167.025
p: 335 -73.663 -67.8934 63.4696
p: 346 -205.339 -74.5278 182.053
p: 348 -205.339 -74.5278 72.8211
p: 353 -102.635 -37.3336 182.053
p: 359 -102.635 -37.3336 69.18
p: 370 -237.855 11.3176 198.432
p: 372 -237.855 11.3176 79.3729
p: 377 -118.934 5.57425 198.432
p: 383 -118.934 5.57425 75.4042
p: 394 -234.489 111.317 216.285
p: 396 -234.489 111.317 86.5142
p: 401 -117.299 55.5763 216.285
p: 407 -117.299 55.5763 82.1885
p: 418 -189.089 210.476 235.745
p: 420 -189.089 210.476 94.298
p: 425 -94.6455 105.178 235.745
p: 431 -94.6455 105.178 89.5831
p: 442 -101.767 291.13 256.955
p: 444 -101.767 291.13 102.782
p: 449 -51.0222 145.547 256.955
p: 455 -51.0222 145.547 97.643
p: 466 19.9432 335.558 280.074
p: 468 19.9432 335.558 112.03
p: 473 9.81252 167.819 280.074
p: 479 9.81252 167.819 106.428
p: 490 161.018 329.105 305.273
p: 492 161.018 329.105 122.109
p: 497 80.3541 164.66 305.273
p: 503 80.3541 164.66 116.004
p: 514 300.192 263.342 332.738
p: 516 300.192 263.342 133.095
p: 521 149.973 131.844 332.738
p: 527 149.973 131.844 126.441
p: 538 412.534 138.728 362.675
p: 540 412.534 138.728 145.07

L: 736 719 708
L: 735 713 719
L: 734 706 713
L: 733 708 706
L: 731 6 5
L: 730 14 6
L: 729 21 14
L: 728 5 21
L: 726 719 695
L: 725 708 719
L: 724 684 708
L: 723 695 684
L: 721 713 689
L: 720 719 713
L: 718 695 719
L: 717 689 695
L: 715 706 682
L: 714 713 706
L: 712 689 713
L: 711 682 689
L: 709 708 684
L: 707 706 708
L: 705 682 706
L: 704 684 682
L: 702 695 671
L: 701 684 695
L: 700 660 684
L: 699 671 660
L: 697 689 665
L: 696 695 689
L: 694 671 695
L: 693 665 671
L: 691 682 658
L: 690 689 682
L: 688 665 689
L: 687 658 665
L: 685 684 660
L: 683 682 684
L: 681 658 682
L: 680 660 658
L: 678 671 647
L: 677 660 671
L: 676 636 660
L: 675 647 636
L: 673 665 641
L: 672 671 665
L: 670 647 671
L: 669 641 647
L: 667 658 634
L: 666 665 658
L: 664 641 665
L: 663 634 641
L: 661 660 636
L: 659 658 660
L: 657 634 658
L: 656 636 634
L: 654 647 623
L: 653 636 647
L: 652 612 636
L: 651 623 612
L: 649 641 617
L: 648 647 641
L: 646 623 647
L: 645 617 623
L: 643 634 610
L: 642 641 634
L: 640 617 641
L: 639 610 617
L: 637 636 612
L: 635 634 636
L: 633 610 634
L: 632 612 610
L: 630 623 599
L: 629 612 623
L: 628 588 612
L: 627 599 588
L: 625 617 593
L: 624 623 617
L: 622 599 623
L: 621 593 599
L: 619 610 586
L: 618 617 610
L: 616 593 617
L: 615 586 593
L: 613 612 588
L: 611 610 612
L: 609 586 610
L: 608 588 586
L: 606 599 575
L: 605 588 599
L: 604 564 588
L: 603 575 564
L: 601 593 569
L: 600 599 593
L: 598 575 599
L: 597 569 575
L: 595 586 562
L: 594 593 586
L: 592 569 593
L: 591 562 569
L: 589 588 564
L: 587 586 588
L: 585 562 586
L: 584 564 562
L: 582 575 551
L: 581 564 575
L: 580 540 564
L: 579 551 540
L: 577 569 545
L: 576 575 569
L: 574 551 575
L: 573 545 551
L: 571 562 538
L: 570 569 562
L: 568 545 569
L: 567 538 545
L: 565 564 540
L: 563 562 564
L: 561 538 562
L: 560 540 538
L: 558 551 527
L: 557 540 551
L: 556 516 540
L: 555 527 516
L: 553 545 521
L: 552 551 545
L: 550 527 551
L: 549 521 527
L: 547 538 514
L: 546 545 538
L: 544 521 545
L: 543 514 521
L: 256 233 257
L: 255 226 233
L: 253 252 228
L: 251 250 252
L: 249 226 250
L: 248 228 226
L: 246 239 215
L: 245 228 239
L: 244 204 228
L: 243 215 204
L: 241 233 209
L: 240 239 233
L: 238 215 239
L: 237 209 215
L: 235 226 202
L: 234 233 226
L: 232 209 233
L: 231 202 209
L: 229 228 204
L: 227 226 228
L: 225 202 226
L: 224 204 202
L: 222 215 191
L: 221 204 215
L: 220 180 204
L: 219 191 180
L: 217 209 185
L: 216 215 209
L: 214 191 215
L: 213 185 191
L: 211 202 178
L: 210 209 202
L: 208 185 209
L: 207 178 185
L: 205 204 180
L: 203 202 204
L: 201 178 202
L: 200 180 178
L: 198 191 167
L: 197 180 191
L: 196 156 180
L: 195 167 156
L: 193 185 161
L: 192 191 185
L: 190 167 191
L: 189 161 167
L: 187 178 154
L: 186 185 178
L: 184 161 185
L: 183 154 161
L: 181 180 156
L: 179 178 180
L: 177 154 178
L: 176 156 154
L: 174 167 143
L: 173 156 167
L: 172 132 156
L: 171 143 132
L: 169 161 137
L: 168 167 161
L: 166 143 167
L: 165 137 143
L: 163 154 130
L: 162 161 154
L: 160 137 161
L: 159 130 137
L: 157 156 132
L: 155 154 156
L: 153 130 154
L: 152 132 130
L: 150 143 119
L: 149 132 143
L: 148 108 132
L: 147 119 108
L: 145 137 113
L: 144 143 137
L: 142 119 143
L: 141 113 119
L: 139 130 106
L: 138 137 130
L: 136 113 137
L: 135 106 113
L: 133 132 108
L: 131 130 132
L: 129 106 130
L: 128 108 106
L: 59 58 60
L: 57 34 58
L: 56 36 34
L: 54 47 23
L: 53 36 47
L: 52 10 36
L: 51 23 10
L: 49 41 16
L: 48 47 41
L: 46 23 47
L: 45 16 23
L: 43 34 8
L: 42 41 34
L: 40 16 41
L: 39 8 16
L: 37 36 10
L: 35 34 36
L: 33 8 34
L: 32 10 8
L: 30 23 21
L: 13 6 14
L: 11 10 5
L: 9 8 10
L: 7 6 8
L: 4 5 6
L: 15 14 16
L: 17 16 8
L: 18 8 6
L: 20 14 21
L: 22 21 23
L: 24 23 16
L: 25 16 14
L: 27 21 5
L: 28 5 10
L: 29 10 23
L: 61 60 36
L: 63 34 41
L: 64 41 65
L: 66 65 58
L: 67 58 34
L: 69 41 47
L: 70 47 71
L: 72 71 65
L: 73 65 41
L: 75 47 36
L: 76 36 60
L: 77 60 71
L: 78 71 47
L: 80 60 58
L: 81 58 82
L: 83 82 84
L: 85 84 60
L: 87 58 65
L: 88 65 89
L: 90 89 82
L: 91 82 58
L: 93 65 71
L: 94 71 95
L: 96 95 89
L: 97 89 65
L: 99 71 60
L: 100 60 84
L: 101 84 95
L: 102 95 71
L: 104 84 82
L: 105 82 106
L: 107 106 108
L: 109 108 84
L: 111 82 89
L: 112 89 113
L: 114 113 106
L: 115 106 82
L: 117 89 95
L: 118 95 119
L: 120 119 113
L: 121 113 89
L: 123 95 84
L: 124 84 108
L: 125 108 119
L: 126 119 95
L: 258 257 250
L: 259 250 226
L: 261 233 239
L: 262 239 263
L: 264 263 257
L: 265 257 233
L: 267 239 228
L: 268 228 252
L: 269 252 263
L: 270 263 239
L: 272 252 250
L: 273 250 274
L: 275 274 276
L: 277 276 252
L: 279 250 257
L: 280 257 281
L: 282 281 274
L: 283 274 250
L: 285 257 263
L: 286 263 287
L: 288 287 281
L: 289 281 257
L: 291 263 252
L: 292 252 276
L: 293 276 287
L: 294 287 263
L: 296 276 274
L: 297 274 298
L: 299 298 300
L: 301 300 276
L: 303 274 281
L: 304 281 305
L: 306 305 298
L: 307 298 274
L: 309 281 287
L: 310 287 311
L: 312 311 305
L: 313 305 281
L: 315 287 276
L: 316 276 300
L: 317 300 311
L: 318 311 287
L: 320 300 298
L: 321 298 322
L: 323 322 324
L: 325 324 300
L: 327 298 305
L: 328 305 329
L: 330 329 322
L: 331 322 298
L: 333 305 311
L: 334 311 335
L: 336 335 329
L: 337 329 305
L: 339 311 300
L: 340 300 324
L: 341 324 335
L: 342 335 311
L: 344 324 322
L: 345 322 346
L: 347 346 348
L: 349 348 324
L: 351 322 329
L: 352 329 353
L: 354 353 346
L: 355 346 322
L: 357 329 335
L: 358 335 359
L: 360 359 353
L: 361 353 329
L: 363 335 324
L: 364 324 348
L: 365 348 359
L: 366 359 335
L: 368 348 346
L: 369 346 370
L: 371 370 372
L: 373 372 348
L: 375 346 353
L: 376 353 377
L: 378 377 370
L: 379 370 346
L: 381 353 359
L: 382 359 383
L: 384 383 377
L: 385 377 353
L: 387 359 348
L: 388 348 372
L: 389 372 383
L: 390 383 359
L: 392 372 370
L: 393 370 394
L: 395 394 396
L: 397 396 372
L: 399 370 377
L: 400 377 401
L: 402 401 394
L: 403 394 370
L: 405 377 383
L: 406 383 407
L: 408 407 401
L: 409 401 377
L: 411 383 372
L: 412 372 396
L: 413 396 407
L: 414 407 383
L: 416 396 394
L: 417 394 418
L: 419 418 420
L: 421 420 396
L: 423 394 401
L: 424 401 425
L: 426 425 418
L: 427 418 394
L: 429 401 407
L: 430 407 431
L: 432 431 425
L: 433 425 401
L: 435 407 396
L: 436 396 420
L: 437 420 431
L: 438 431 407
L: 440 420 418
L: 441 418 442
L: 443 442 444
L: 445 444 420
L: 447 418 425
L: 448 425 449
L: 450 449 442
L: 451 442 418
L: 453 425 431
L: 454 431 455
L: 456 455 449
L: 457 449 425
L: 459 431 420
L: 460 420 444
L: 461 444 455
L: 462 455 431
L: 464 444 442
L: 465 442 466
L: 467 466 468
L: 469 468 444
L: 471 442 449
L: 472 449 473
L: 474 473 466
L: 475 466 442
L: 477 449 455
L: 478 455 479
L: 480 479 473
L: 481 473 449
L: 483 455 444
L: 484 444 468
L: 485 468 479
L: 486 479 455
L: 488 468 466
L: 489 466 490
L: 491 490 492
L: 493 492 468
L: 495 466 473
L: 496 473 497
L: 498 497 490
L: 499 490 466
L: 501 473 479
L: 502 479 503
L: 504 503 497
L: 505 497 473
L: 507 479 468
L: 508 468 492
L: 509 492 503
L: 510 503 479
L: 512 492 490
L: 513 490 514
L: 515 514 516
L: 517 516 492
L: 519 490 497
L: 520 497 521
L: 522 521 514
L: 523 514 490
L: 525 497 503
L: 526 503 527
L: 528 527 521
L: 529 521 497
L: 531 503 492
L: 532 492 516
L: 533 516 527
L: 534 527 503
L: 536 516 514
L: 537 514 538
L: 539 538 540
L: 541 540 516

F: 732 4 733 734 735 736
F: 727 4 728 729 730 731
F: 722 4 723 724 725 726
F: 716 4 717 718 720 721
F: 710 4 711 712 714 715
F: 703 4 704 705 707 709
F: 698 4 699 700 701 702
F: 692 4 693 694 696 697
F: 686 4 687 688 690 691
F: 679 4 680 681 683 685
F: 674 4 675 676 677 678
F: 668 4 669 670 672 673
F: 662 4 663 664 666 667
F: 655 4 656 657 659 661
F: 650 4 651 652 653 654
F: 644 4 645 646 648 649
F: 638 4 639 640 642 643
F: 631 4 632 633 635 637
F: 626 4 627 628 629 630
F: 620 4 621 622 624 625
F: 614 4 615 616 618 619
F: 607 4 608 609 611 613
F: 602 4 603 604 605 606
F: 596 4 597 598 600 601
F: 590 4 591 592 594 595
F: 583 4 584 585 587 589
F: 578 4 579 580 581 582
F: 572 4 573 574 576 577
F: 566 4 567 568 570 571
F: 559 4 560 561 563 565
F: 554 4 555 556 557 558
F: 548 4 549 550 552 553
F: 542 4 543 544 546 547
F: 254 4 255 256 258 259
F: 247 4 248 249 251 253
F: 242 4 243 244 245 246
F: 236 4 237 238 240 241
F: 230 4 231 232 234 235
F: 223 4 224 225 227 229
F: 218 4 219 220 221 222
F: 212 4 213 214 216 217
F: 206 4 207 208 210 211
F: 199 4 200 201 203 205
F: 194 4 195 196 197 198
F: 188 4 189 190 192 193
F: 182 4 183 184 186 187
F: 175 4 176 177 179 181
F: 170 4 171 172 173 174
F: 164 4 165 166 168 169
F: 158 4 159 160 162 163
F: 151 4 152 153 155 157
F: 146 4 147 148 149 150
F: 140 4 141 142 144 145
F: 134 4 135 136 138 139
F: 55 4 56 57 59 61
F: 50 4 51 52 53 54
F: 44 4 45 46 48 49
F: 38 4 39 40 42 43
F: 31 4 32 33 35 37
F: 12 4 13 15 17 18
F: 3 4 4 7 9 11
F: 19 4 20 22 24 25
F: 26 4 27 28 29 30
F: 62 4 63 64 66 67
F: 68 4 69 70 72 73
F: 74 4 75 76 77 78
F: 79 4 80 81 83 85
F: 86 4 87 88 90 91
F: 92 4 93 94 96 97
F: 98 4 99 100 101 102
F: 103 4 104 105 107 109
F: 110 4 111 112 114 115
F: 116 4 117 118 120 121
F: 122 4 123 124 125 126
F: 127 4 128 129 131 133
F: 260 4 261 262 264 265
F: 266 4 267 268 269 270
F: 271 4 272 273 275 277
F: 278 4 279 280 282 283
F: 284 4 285 286 288 289
F: 290 4 291 292 293 294
F: 295 4 296 297 299 301
F: 302 4 303 304 306 307
F: 308 4 309 310 312 313
F: 314 4 315 316 317 318
F: 319 4 320 321 323 325
F: 326 4 327 328 330 331
F: 332 4 333 334 336 337
F: 338 4 339 340 341 342
F: 343 4 344 345 347 349
F: 350 4 351 352 354 355
F: 356 4 357 358 360 361
F: 362 4 363 364 365 366
F: 367 4 368 369 371 373
F: 374 4 375 376 378 379
F: 380 4 381 382 384 385
F: 386 4 387 388 389 390
F: 391 4 392 393 395 397
F: 398 4 399 400 402 403
F: 404 4 405 406 408 409
F: 410 4 411 412 413 414
F: 415 4 416 417 419 421
F: 422 4 423 424 426 427
F: 428 4 429 430 432 433
F: 434 4 435 436 437 438
F: 439 4 440 441 443 445
F: 446 4 447 448 450 451
F: 452 4 453 454 456 457
F: 458 4 459 460 461 462
F: 463 4 464 465 467 469
F: 470 4 471 472 474 475
F: 476 4 477 478 480 481
F: 482 4 483 484 485 486
F: 487 4 488 489 491 493
F: 494 4 495 496 498 499
F: 500 4 501 502 504 505
F: 506 4 507 508 509 510
F: 511 4 512 513 515 517
F: 518 4 519 520 522 523
F: 524 4 525 526 528 529
F: 530 4 531 532 533 534
F: 535 4 536 537 539 541

P: 2 122 3 12 19 26 31 38 44 50 55 62 68 74 79 86 92 98 103 110 116 122 127 134 140 146 151 158 164 170 175 182 188 194 199 206 212 218 223 230 236 242 247 254 260 266 271 278 284 290 295 302 308 314 319 326 332 338 343 350 356 362 367 374 380 386 391 398 404 410 415 422 428 434 439 446 452 458 463 470 476 482 487 494 500 506 511 518 524 530 535 542 548 554 559 566 572 578 583 590 596 602 607 614 620 626 631 638 644 650 655 662 668 674 679 686 692 698 703 710 716 722 727 732

O: 1 ObjPoly 2 @Revol

Saisie: 3 -60 0 20 -60 0 50 -30 0 50 -30 0 19
Sel: Object 0
